_C_b8b530e4_0 8c 0 88 0 0 2072756e 0 42495354 0 696e6720 0 74617274 0 53 
_C_48d3bf60_0 8c 0 68 0 0 74707574 0 6e5f6f75 0 6f6c6465 0 67 
_C_87043281_0 8c 0 1d0 0 0 3d20310a 0 67617420 0 31353832 0 69742e6e 0 69726375 0 69702e63 0 73746368 0 20207465 0 4355543a 0 6e746f20 0 6c742069 0 20466175 0 74696e67 0 6e6a6563 0 a49 
_C_c9e41257_0 8c 0 148 0 0 20504f0a 0 20202020 0 20202020 0 20202020 0 20202020 0 20202020 0 20202020 0 20202020 0 20202020 0 49202020 0 50 
_C_b9fa4dfd_0 8c 0 98 0 0 6c74730a 0 20666175 0 64202564 0 65637465 0 446574 
_C_e059de86_0 8c 0 1d8 0 0 20300a20 0 6174203d 0 37393467 0 742e6e31 0 72637569 0 702e6369 0 74636869 0 20746573 0 55543a20 0 746f2043 0 7420696e 0 4661756c 0 696e6720 0 6a656374 0 a496e 
_C_a251bdcf_0 8c 0 1c8 0 0 20300a20 0 3230203d 0 49493430 0 7569742e 0 63697263 0 6869702e 0 65737463 0 3a202074 0 20435554 0 696e746f 0 756c7420 0 67204661 0 6374696e 0 496e6a65 0 a 
_C_c30844c3_0 8c 0 118 0 0 2025620a 0 6f6e653a 0 69737464 0 743a2062 0 72657365 0 696e6720 0 6c656172 0 65722063 0 416674 
_C_ecca7cc3_0 8c 0 1c8 0 0 20310a20 0 3233203d 0 49493436 0 7569742e 0 63697263 0 6869702e 0 65737463 0 3a202074 0 20435554 0 696e746f 0 756c7420 0 67204661 0 6374696e 0 496e6a65 0 a 
_C_db337c86_0 8c 0 f8 0 0 2025620a 0 7365743a 0 3a207265 0 65736574 0 6e672072 0 65747469 0 65722073 0 416674 
_C_5acb6cb0_0 8c 0 68 0 0 2025620a 0 6f6e653a 0 69737464 0 62 
_C_20329111_0 8c 0 1b8 0 0 3d20310a 0 32383220 0 742e4949 0 72637569 0 702e6369 0 74636869 0 20746573 0 55543a20 0 746f2043 0 7420696e 0 4661756c 0 696e6720 0 6a656374 0 a496e 
_C_62c46af1_0 8c 0 128 0 0 6f64650a 0 656d206d 0 73797374 0 20696e20 0 74696f6e 0 6d756c61 0 6c205369 0 696f6e61 0 756e6374 0 46 
_C_1494b842_0 8c 0 150 0 0 2025620a 0 6f6e653a 0 69737464 0 313a2062 0 45203d20 0 544d4f44 0 20424953 0 20616e64 0 20525354 0 666f7265 0 6265 
_C_849a2a9_0 8c 0 1d0 0 0 20310a20 0 6174203d 0 37343567 0 69742e6e 0 69726375 0 69702e63 0 73746368 0 20207465 0 4355543a 0 6e746f20 0 6c742069 0 20466175 0 74696e67 0 6e6a6563 0 a49 
_C_9d283991_0 8c 0 1d0 0 0 696f6e0a 0 756c6174 0 2053696d 0 42495354 0 72656520 0 6c742d46 0 20466175 0 55543a20 0 746f2043 0 7420696e 0 4661756c 0 204e6f20 0 74696e67 0 6e6a6563 0 a49 
_C_5aa020a4_0 8c 0 1d0 0 0 3d20300a 0 67617420 0 31323735 0 69742e6e 0 69726375 0 69702e63 0 73746368 0 20207465 0 4355543a 0 6e746f20 0 6c742069 0 20466175 0 74696e67 0 6e6a6563 0 a49 
_C_c2e2b190_0 8c 0 68 0 0 2e767064 0 64756d70 0 4953542e 0 42 
_C_9397553e_0 8c 0 100 0 0 2025620a 0 7365743a 0 3a207265 0 65736574 0 6e672072 0 65617269 0 7220636c 0 41667465 
_C_8cff9ab4_0 8c 0 1c8 0 0 3d20300a 0 67617420 0 6e343832 0 7569742e 0 63697263 0 6869702e 0 65737463 0 3a202074 0 20435554 0 696e746f 0 756c7420 0 67204661 0 6374696e 0 496e6a65 0 a 
_C_91b6ee66_0 8c 0 48 0 0 2025620a 0 6f64653a 0 6d 
_C_74571e82_0 8c 0 118 0 0 2025620a 0 7365643a 0 20506173 0 42495354 0 2e2e2020 0 6973742e 0 65642042 0 706c6574 0 436f6d 
_C_9033dc81_0 8c 0 50 0 0 2025620a 0 7365743a 0 7265 
_C_577775aa_0 80 0 1 0 1 
_C_960fa551_0 80 0 1 0 0 
_C_cba4e3a2_0 80 0 1 0 2 
_C_a9abdf60_0 8c 0 18 0 0 25620a 
_C_365f79df_0 8c 0 1c8 0 0 20300a20 0 3539203d 0 49493437 0 7569742e 0 63697263 0 6869702e 0 65737463 0 3a202074 0 20435554 0 696e746f 0 756c7420 0 67204661 0 6374696e 0 496e6a65 0 a 
_C_84820a55_0 8c 0 a0 0 0 6c74730a 0 20666175 0 64202564 0 65637465 0 a496e6a 
_C_c0989876_0 8c 0 8 0 0 a 
_C_5161902a_0 8c 0 38 0 0 746f7273 0 766563 
_C_b7b4a02b_0 8c 0 110 0 0 2025620a 0 6f6e653a 0 69737464 0 743a2062 0 72657365 0 696e6720 0 73657474 0 74657220 0 4166 
_C_a66440fb_0 8c 0 18 0 0 256220 
_C_81099219_0 8c 0 1c8 0 0 3d20310a 0 67617420 0 6e323236 0 7569742e 0 63697263 0 6869702e 0 65737463 0 3a202074 0 20435554 0 696e746f 0 756c7420 0 67204661 0 6374696e 0 496e6a65 0 a 
_C_351a8780_0 94 0 20 0 0 0 
_C_21d56a1c_0 94 0 20 0 0 2 
_C_a2ffb356_0 8c 0 98 0 0 5645520a 0 5354204f 0 6c204249 0 69746961 0 a496e 
_C_ee8885db_0 8c 0 138 0 0 6f6e650a 0 69737464 0 6f6e2062 0 69747320 0 74207761 0 72652069 0 20776865 0 70617274 0 74657220 0 a4166 
